2021/03/11-17:26:46.848117 700002f6f000 RocksDB version: 6.15.5
2021/03/11-17:26:46.848393 700002f6f000 Git sha rocksdb_build_git_sha:@0@
2021/03/11-17:26:46.848396 700002f6f000 Compile date Feb  6 2021
2021/03/11-17:26:46.848422 700002f6f000 DB SUMMARY
2021/03/11-17:26:46.848424 700002f6f000 DB Session ID:  B7WYC83VXJO0A4HIMIXO
2021/03/11-17:26:46.848461 700002f6f000 SST files in arbitrum801865447 dir, Total Num: 0, files: 
2021/03/11-17:26:46.848464 700002f6f000 Write Ahead Log file in arbitrum801865447: 
2021/03/11-17:26:46.848465 700002f6f000                         Options.error_if_exists: 0
2021/03/11-17:26:46.848466 700002f6f000                       Options.create_if_missing: 1
2021/03/11-17:26:46.848467 700002f6f000                         Options.paranoid_checks: 1
2021/03/11-17:26:46.848468 700002f6f000                               Options.track_and_verify_wals_in_manifest: 0
2021/03/11-17:26:46.848469 700002f6f000                                     Options.env: 0x573c418
2021/03/11-17:26:46.848470 700002f6f000                                      Options.fs: Posix File System
2021/03/11-17:26:46.848472 700002f6f000                                Options.info_log: 0x5e06e00
2021/03/11-17:26:46.848472 700002f6f000                Options.max_file_opening_threads: 16
2021/03/11-17:26:46.848473 700002f6f000                              Options.statistics: 0x0
2021/03/11-17:26:46.848474 700002f6f000                               Options.use_fsync: 0
2021/03/11-17:26:46.848475 700002f6f000                       Options.max_log_file_size: 0
2021/03/11-17:26:46.848476 700002f6f000                  Options.max_manifest_file_size: 1073741824
2021/03/11-17:26:46.848477 700002f6f000                   Options.log_file_time_to_roll: 0
2021/03/11-17:26:46.848478 700002f6f000                       Options.keep_log_file_num: 1000
2021/03/11-17:26:46.848479 700002f6f000                    Options.recycle_log_file_num: 0
2021/03/11-17:26:46.848480 700002f6f000                         Options.allow_fallocate: 1
2021/03/11-17:26:46.848481 700002f6f000                        Options.allow_mmap_reads: 0
2021/03/11-17:26:46.848482 700002f6f000                       Options.allow_mmap_writes: 0
2021/03/11-17:26:46.848483 700002f6f000                        Options.use_direct_reads: 0
2021/03/11-17:26:46.848484 700002f6f000                        Options.use_direct_io_for_flush_and_compaction: 0
2021/03/11-17:26:46.848485 700002f6f000          Options.create_missing_column_families: 1
2021/03/11-17:26:46.848486 700002f6f000                              Options.db_log_dir: 
2021/03/11-17:26:46.848487 700002f6f000                                 Options.wal_dir: arbitrum801865447
2021/03/11-17:26:46.848488 700002f6f000                Options.table_cache_numshardbits: 6
2021/03/11-17:26:46.848488 700002f6f000                         Options.WAL_ttl_seconds: 0
2021/03/11-17:26:46.848489 700002f6f000                       Options.WAL_size_limit_MB: 0
2021/03/11-17:26:46.848490 700002f6f000                        Options.max_write_batch_group_size_bytes: 1048576
2021/03/11-17:26:46.848491 700002f6f000             Options.manifest_preallocation_size: 4194304
2021/03/11-17:26:46.848492 700002f6f000                     Options.is_fd_close_on_exec: 1
2021/03/11-17:26:46.848493 700002f6f000                   Options.advise_random_on_open: 1
2021/03/11-17:26:46.848494 700002f6f000                    Options.db_write_buffer_size: 0
2021/03/11-17:26:46.848495 700002f6f000                    Options.write_buffer_manager: 0x5e04e10
2021/03/11-17:26:46.848496 700002f6f000         Options.access_hint_on_compaction_start: 1
2021/03/11-17:26:46.848497 700002f6f000  Options.new_table_reader_for_compaction_inputs: 0
2021/03/11-17:26:46.848498 700002f6f000           Options.random_access_max_buffer_size: 1048576
2021/03/11-17:26:46.848499 700002f6f000                      Options.use_adaptive_mutex: 0
2021/03/11-17:26:46.848500 700002f6f000                            Options.rate_limiter: 0x0
2021/03/11-17:26:46.848501 700002f6f000     Options.sst_file_manager.rate_bytes_per_sec: 0
2021/03/11-17:26:46.848502 700002f6f000                       Options.wal_recovery_mode: 2
2021/03/11-17:26:46.848531 700002f6f000                  Options.enable_thread_tracking: 0
2021/03/11-17:26:46.848533 700002f6f000                  Options.enable_pipelined_write: 0
2021/03/11-17:26:46.848534 700002f6f000                  Options.unordered_write: 0
2021/03/11-17:26:46.848535 700002f6f000         Options.allow_concurrent_memtable_write: 1
2021/03/11-17:26:46.848536 700002f6f000      Options.enable_write_thread_adaptive_yield: 1
2021/03/11-17:26:46.848537 700002f6f000             Options.write_thread_max_yield_usec: 100
2021/03/11-17:26:46.848538 700002f6f000            Options.write_thread_slow_yield_usec: 3
2021/03/11-17:26:46.848539 700002f6f000                               Options.row_cache: None
2021/03/11-17:26:46.848540 700002f6f000                              Options.wal_filter: None
2021/03/11-17:26:46.848541 700002f6f000             Options.avoid_flush_during_recovery: 0
2021/03/11-17:26:46.848542 700002f6f000             Options.allow_ingest_behind: 0
2021/03/11-17:26:46.848543 700002f6f000             Options.preserve_deletes: 0
2021/03/11-17:26:46.848544 700002f6f000             Options.two_write_queues: 0
2021/03/11-17:26:46.848545 700002f6f000             Options.manual_wal_flush: 0
2021/03/11-17:26:46.848546 700002f6f000             Options.atomic_flush: 0
2021/03/11-17:26:46.848547 700002f6f000             Options.avoid_unnecessary_blocking_io: 0
2021/03/11-17:26:46.848548 700002f6f000                 Options.persist_stats_to_disk: 0
2021/03/11-17:26:46.848549 700002f6f000                 Options.write_dbid_to_manifest: 0
2021/03/11-17:26:46.848550 700002f6f000                 Options.log_readahead_size: 0
2021/03/11-17:26:46.848551 700002f6f000                 Options.file_checksum_gen_factory: Unknown
2021/03/11-17:26:46.848552 700002f6f000                 Options.best_efforts_recovery: 0
2021/03/11-17:26:46.848553 700002f6f000                Options.max_bgerror_resume_count: 2147483647
2021/03/11-17:26:46.848554 700002f6f000            Options.bgerror_resume_retry_interval: 1000000
2021/03/11-17:26:46.848555 700002f6f000             Options.allow_data_in_errors: 0
2021/03/11-17:26:46.848556 700002f6f000             Options.db_host_id: __hostname__
2021/03/11-17:26:46.848557 700002f6f000             Options.max_background_jobs: 2
2021/03/11-17:26:46.848558 700002f6f000             Options.max_background_compactions: 4
2021/03/11-17:26:46.848559 700002f6f000             Options.max_subcompactions: 1
2021/03/11-17:26:46.848560 700002f6f000             Options.avoid_flush_during_shutdown: 0
2021/03/11-17:26:46.848561 700002f6f000           Options.writable_file_max_buffer_size: 1048576
2021/03/11-17:26:46.848562 700002f6f000             Options.delayed_write_rate : 16777216
2021/03/11-17:26:46.848563 700002f6f000             Options.max_total_wal_size: 0
2021/03/11-17:26:46.848564 700002f6f000             Options.delete_obsolete_files_period_micros: 21600000000
2021/03/11-17:26:46.848565 700002f6f000                   Options.stats_dump_period_sec: 600
2021/03/11-17:26:46.848566 700002f6f000                 Options.stats_persist_period_sec: 600
2021/03/11-17:26:46.848567 700002f6f000                 Options.stats_history_buffer_size: 1048576
2021/03/11-17:26:46.848568 700002f6f000                          Options.max_open_files: -1
2021/03/11-17:26:46.848569 700002f6f000                          Options.bytes_per_sync: 1048576
2021/03/11-17:26:46.848570 700002f6f000                      Options.wal_bytes_per_sync: 0
2021/03/11-17:26:46.848571 700002f6f000                   Options.strict_bytes_per_sync: 0
2021/03/11-17:26:46.848572 700002f6f000       Options.compaction_readahead_size: 0
2021/03/11-17:26:46.848573 700002f6f000                  Options.max_background_flushes: 2
2021/03/11-17:26:46.848574 700002f6f000 Compression algorithms supported:
2021/03/11-17:26:46.848580 700002f6f000 	kZSTD supported: 1
2021/03/11-17:26:46.848582 700002f6f000 	kZlibCompression supported: 1
2021/03/11-17:26:46.848583 700002f6f000 	kXpressCompression supported: 0
2021/03/11-17:26:46.848599 700002f6f000 	kSnappyCompression supported: 1
2021/03/11-17:26:46.848601 700002f6f000 	kZSTDNotFinalCompression supported: 1
2021/03/11-17:26:46.848602 700002f6f000 	kLZ4HCCompression supported: 1
2021/03/11-17:26:46.848603 700002f6f000 	kLZ4Compression supported: 1
2021/03/11-17:26:46.848604 700002f6f000 	kBZip2Compression supported: 1
2021/03/11-17:26:46.848605 700002f6f000 Fast CRC32 supported: Supported on x86
2021/03/11-17:26:46.849096 700002f6f000 [db/db_impl/db_impl_open.cc:281] Creating manifest 1 
2021/03/11-17:26:46.849692 700002f6f000 [db/version_set.cc:4725] Recovering from manifest file: arbitrum801865447/MANIFEST-000001
2021/03/11-17:26:46.849772 700002f6f000 [db/column_family.cc:597] --------------- Options for column family [default]:
2021/03/11-17:26:46.849777 700002f6f000               Options.comparator: leveldb.BytewiseComparator
2021/03/11-17:26:46.849779 700002f6f000           Options.merge_operator: None
2021/03/11-17:26:46.849780 700002f6f000        Options.compaction_filter: None
2021/03/11-17:26:46.849781 700002f6f000        Options.compaction_filter_factory: None
2021/03/11-17:26:46.849782 700002f6f000  Options.sst_partitioner_factory: None
2021/03/11-17:26:46.849783 700002f6f000         Options.memtable_factory: SkipListFactory
2021/03/11-17:26:46.849784 700002f6f000            Options.table_factory: BlockBasedTable
2021/03/11-17:26:46.849805 700002f6f000            table_factory options:   flush_block_policy_factory: FlushBlockBySizePolicyFactory (0x5e05950)
  cache_index_and_filter_blocks: 0
  cache_index_and_filter_blocks_with_high_priority: 1
  pin_l0_filter_and_index_blocks_in_cache: 0
  pin_top_level_index_and_filter: 1
  index_type: 0
  data_block_index_type: 0
  index_shortening: 1
  data_block_hash_table_util_ratio: 0.750000
  hash_index_allow_collision: 1
  checksum: 1
  no_block_cache: 0
  block_cache: 0x5e05998
  block_cache_name: LRUCache
  block_cache_options:
    capacity : 8388608
    num_shard_bits : 4
    strict_capacity_limit : 0
    memory_allocator : None
    high_pri_pool_ratio: 0.000
  block_cache_compressed: 0x0
  persistent_cache: 0x0
  block_size: 4096
  block_size_deviation: 10
  block_restart_interval: 16
  index_block_restart_interval: 1
  metadata_block_size: 4096
  partition_filters: 0
  use_delta_encoding: 1
  filter_policy: nullptr
  whole_key_filtering: 1
  verify_compression: 0
  read_amp_bytes_per_bit: 0
  format_version: 4
  enable_index_compression: 1
  block_align: 0
2021/03/11-17:26:46.849808 700002f6f000        Options.write_buffer_size: 67108864
2021/03/11-17:26:46.849809 700002f6f000  Options.max_write_buffer_number: 2
2021/03/11-17:26:46.849811 700002f6f000          Options.compression: Snappy
2021/03/11-17:26:46.849812 700002f6f000                  Options.bottommost_compression: Disabled
2021/03/11-17:26:46.849813 700002f6f000       Options.prefix_extractor: nullptr
2021/03/11-17:26:46.849814 700002f6f000   Options.memtable_insert_with_hint_prefix_extractor: nullptr
2021/03/11-17:26:46.849815 700002f6f000             Options.num_levels: 7
2021/03/11-17:26:46.849816 700002f6f000        Options.min_write_buffer_number_to_merge: 1
2021/03/11-17:26:46.849817 700002f6f000     Options.max_write_buffer_number_to_maintain: 0
2021/03/11-17:26:46.849818 700002f6f000     Options.max_write_buffer_size_to_maintain: 134217728
2021/03/11-17:26:46.849819 700002f6f000            Options.bottommost_compression_opts.window_bits: -14
2021/03/11-17:26:46.849820 700002f6f000                  Options.bottommost_compression_opts.level: 32767
2021/03/11-17:26:46.849821 700002f6f000               Options.bottommost_compression_opts.strategy: 0
2021/03/11-17:26:46.849823 700002f6f000         Options.bottommost_compression_opts.max_dict_bytes: 0
2021/03/11-17:26:46.849824 700002f6f000         Options.bottommost_compression_opts.zstd_max_train_bytes: 0
2021/03/11-17:26:46.849825 700002f6f000         Options.bottommost_compression_opts.parallel_threads: 1
2021/03/11-17:26:46.849826 700002f6f000                  Options.bottommost_compression_opts.enabled: false
2021/03/11-17:26:46.849850 700002f6f000            Options.compression_opts.window_bits: -14
2021/03/11-17:26:46.849852 700002f6f000                  Options.compression_opts.level: 32767
2021/03/11-17:26:46.849853 700002f6f000               Options.compression_opts.strategy: 0
2021/03/11-17:26:46.849854 700002f6f000         Options.compression_opts.max_dict_bytes: 0
2021/03/11-17:26:46.849855 700002f6f000         Options.compression_opts.zstd_max_train_bytes: 0
2021/03/11-17:26:46.849856 700002f6f000         Options.compression_opts.parallel_threads: 1
2021/03/11-17:26:46.849857 700002f6f000                  Options.compression_opts.enabled: false
2021/03/11-17:26:46.849859 700002f6f000      Options.level0_file_num_compaction_trigger: 4
2021/03/11-17:26:46.849860 700002f6f000          Options.level0_slowdown_writes_trigger: 20
2021/03/11-17:26:46.849861 700002f6f000              Options.level0_stop_writes_trigger: 36
2021/03/11-17:26:46.849862 700002f6f000                   Options.target_file_size_base: 67108864
2021/03/11-17:26:46.849864 700002f6f000             Options.target_file_size_multiplier: 1
2021/03/11-17:26:46.849865 700002f6f000                Options.max_bytes_for_level_base: 268435456
2021/03/11-17:26:46.849866 700002f6f000 Options.level_compaction_dynamic_level_bytes: 1
2021/03/11-17:26:46.849867 700002f6f000          Options.max_bytes_for_level_multiplier: 10.000000
2021/03/11-17:26:46.849868 700002f6f000 Options.max_bytes_for_level_multiplier_addtl[0]: 1
2021/03/11-17:26:46.849870 700002f6f000 Options.max_bytes_for_level_multiplier_addtl[1]: 1
2021/03/11-17:26:46.849871 700002f6f000 Options.max_bytes_for_level_multiplier_addtl[2]: 1
2021/03/11-17:26:46.849872 700002f6f000 Options.max_bytes_for_level_multiplier_addtl[3]: 1
2021/03/11-17:26:46.849873 700002f6f000 Options.max_bytes_for_level_multiplier_addtl[4]: 1
2021/03/11-17:26:46.849874 700002f6f000 Options.max_bytes_for_level_multiplier_addtl[5]: 1
2021/03/11-17:26:46.849875 700002f6f000 Options.max_bytes_for_level_multiplier_addtl[6]: 1
2021/03/11-17:26:46.849876 700002f6f000       Options.max_sequential_skip_in_iterations: 8
2021/03/11-17:26:46.849877 700002f6f000                    Options.max_compaction_bytes: 1677721600
2021/03/11-17:26:46.849878 700002f6f000                        Options.arena_block_size: 8388608
2021/03/11-17:26:46.849879 700002f6f000   Options.soft_pending_compaction_bytes_limit: 68719476736
2021/03/11-17:26:46.849881 700002f6f000   Options.hard_pending_compaction_bytes_limit: 274877906944
2021/03/11-17:26:46.849882 700002f6f000       Options.rate_limit_delay_max_milliseconds: 100
2021/03/11-17:26:46.849883 700002f6f000                Options.disable_auto_compactions: 1
2021/03/11-17:26:46.849884 700002f6f000                        Options.compaction_style: kCompactionStyleLevel
2021/03/11-17:26:46.849886 700002f6f000                          Options.compaction_pri: kMinOverlappingRatio
2021/03/11-17:26:46.849887 700002f6f000 Options.compaction_options_universal.size_ratio: 1
2021/03/11-17:26:46.849888 700002f6f000 Options.compaction_options_universal.min_merge_width: 2
2021/03/11-17:26:46.849889 700002f6f000 Options.compaction_options_universal.max_merge_width: 4294967295
2021/03/11-17:26:46.849890 700002f6f000 Options.compaction_options_universal.max_size_amplification_percent: 200
2021/03/11-17:26:46.849891 700002f6f000 Options.compaction_options_universal.compression_size_percent: -1
2021/03/11-17:26:46.849892 700002f6f000 Options.compaction_options_universal.stop_style: kCompactionStopStyleTotalSize
2021/03/11-17:26:46.849894 700002f6f000 Options.compaction_options_fifo.max_table_files_size: 1073741824
2021/03/11-17:26:46.849895 700002f6f000 Options.compaction_options_fifo.allow_compaction: 0
2021/03/11-17:26:46.849900 700002f6f000                   Options.table_properties_collectors: 
2021/03/11-17:26:46.849902 700002f6f000                   Options.inplace_update_support: 0
2021/03/11-17:26:46.849903 700002f6f000                 Options.inplace_update_num_locks: 10000
2021/03/11-17:26:46.849904 700002f6f000               Options.memtable_prefix_bloom_size_ratio: 0.000000
2021/03/11-17:26:46.849920 700002f6f000               Options.memtable_whole_key_filtering: 0
2021/03/11-17:26:46.849922 700002f6f000   Options.memtable_huge_page_size: 0
2021/03/11-17:26:46.849923 700002f6f000                           Options.bloom_locality: 0
2021/03/11-17:26:46.849924 700002f6f000                    Options.max_successive_merges: 0
2021/03/11-17:26:46.849925 700002f6f000                Options.optimize_filters_for_hits: 0
2021/03/11-17:26:46.849926 700002f6f000                Options.paranoid_file_checks: 0
2021/03/11-17:26:46.849927 700002f6f000                Options.force_consistency_checks: 1
2021/03/11-17:26:46.849928 700002f6f000                Options.report_bg_io_stats: 0
2021/03/11-17:26:46.849929 700002f6f000                               Options.ttl: 2592000
2021/03/11-17:26:46.849930 700002f6f000          Options.periodic_compaction_seconds: 0
2021/03/11-17:26:46.849931 700002f6f000                    Options.enable_blob_files: false
2021/03/11-17:26:46.849933 700002f6f000                        Options.min_blob_size: 0
2021/03/11-17:26:46.849934 700002f6f000                       Options.blob_file_size: 268435456
2021/03/11-17:26:46.849935 700002f6f000                Options.blob_compression_type: NoCompression
2021/03/11-17:26:46.849936 700002f6f000       Options.enable_blob_garbage_collection: false
2021/03/11-17:26:46.849937 700002f6f000   Options.blob_garbage_collection_age_cutoff: 0.250000
2021/03/11-17:26:46.850320 700002f6f000 [db/version_set.cc:4773] Recovered from manifest file:arbitrum801865447/MANIFEST-000001 succeeded,manifest_file_number is 1, next_file_number is 3, last_sequence is 0, log_number is 0,prev_log_number is 0,max_column_family is 0,min_log_number_to_keep is 0
2021/03/11-17:26:46.850324 700002f6f000 [db/version_set.cc:4782] Column family [default] (ID 0), log number is 0
2021/03/11-17:26:46.850449 700002f6f000 [db/version_set.cc:4083] Creating manifest 3
2021/03/11-17:26:46.851285 700002f6f000 [db/column_family.cc:597] --------------- Options for column family [states]:
2021/03/11-17:26:46.851289 700002f6f000               Options.comparator: leveldb.BytewiseComparator
2021/03/11-17:26:46.851290 700002f6f000           Options.merge_operator: None
2021/03/11-17:26:46.851291 700002f6f000        Options.compaction_filter: None
2021/03/11-17:26:46.851292 700002f6f000        Options.compaction_filter_factory: None
2021/03/11-17:26:46.851293 700002f6f000  Options.sst_partitioner_factory: None
2021/03/11-17:26:46.851294 700002f6f000         Options.memtable_factory: SkipListFactory
2021/03/11-17:26:46.851295 700002f6f000            Options.table_factory: BlockBasedTable
2021/03/11-17:26:46.851314 700002f6f000            table_factory options:   flush_block_policy_factory: FlushBlockBySizePolicyFactory (0x5e05950)
  cache_index_and_filter_blocks: 0
  cache_index_and_filter_blocks_with_high_priority: 1
  pin_l0_filter_and_index_blocks_in_cache: 0
  pin_top_level_index_and_filter: 1
  index_type: 0
  data_block_index_type: 0
  index_shortening: 1
  data_block_hash_table_util_ratio: 0.750000
  hash_index_allow_collision: 1
  checksum: 1
  no_block_cache: 0
  block_cache: 0x5e05998
  block_cache_name: LRUCache
  block_cache_options:
    capacity : 8388608
    num_shard_bits : 4
    strict_capacity_limit : 0
    memory_allocator : None
    high_pri_pool_ratio: 0.000
  block_cache_compressed: 0x0
  persistent_cache: 0x0
  block_size: 4096
  block_size_deviation: 10
  block_restart_interval: 16
  index_block_restart_interval: 1
  metadata_block_size: 4096
  partition_filters: 0
  use_delta_encoding: 1
  filter_policy: nullptr
  whole_key_filtering: 1
  verify_compression: 0
  read_amp_bytes_per_bit: 0
  format_version: 4
  enable_index_compression: 1
  block_align: 0
2021/03/11-17:26:46.851319 700002f6f000        Options.write_buffer_size: 67108864
2021/03/11-17:26:46.851320 700002f6f000  Options.max_write_buffer_number: 2
2021/03/11-17:26:46.851321 700002f6f000          Options.compression: Snappy
2021/03/11-17:26:46.851322 700002f6f000                  Options.bottommost_compression: Disabled
2021/03/11-17:26:46.851323 700002f6f000       Options.prefix_extractor: nullptr
2021/03/11-17:26:46.851324 700002f6f000   Options.memtable_insert_with_hint_prefix_extractor: nullptr
2021/03/11-17:26:46.851325 700002f6f000             Options.num_levels: 7
2021/03/11-17:26:46.851326 700002f6f000        Options.min_write_buffer_number_to_merge: 1
2021/03/11-17:26:46.851327 700002f6f000     Options.max_write_buffer_number_to_maintain: 0
2021/03/11-17:26:46.851328 700002f6f000     Options.max_write_buffer_size_to_maintain: 134217728
2021/03/11-17:26:46.851329 700002f6f000            Options.bottommost_compression_opts.window_bits: -14
2021/03/11-17:26:46.851330 700002f6f000                  Options.bottommost_compression_opts.level: 32767
2021/03/11-17:26:46.851331 700002f6f000               Options.bottommost_compression_opts.strategy: 0
2021/03/11-17:26:46.851332 700002f6f000         Options.bottommost_compression_opts.max_dict_bytes: 0
2021/03/11-17:26:46.851333 700002f6f000         Options.bottommost_compression_opts.zstd_max_train_bytes: 0
2021/03/11-17:26:46.851334 700002f6f000         Options.bottommost_compression_opts.parallel_threads: 1
2021/03/11-17:26:46.851335 700002f6f000                  Options.bottommost_compression_opts.enabled: false
2021/03/11-17:26:46.851336 700002f6f000            Options.compression_opts.window_bits: -14
2021/03/11-17:26:46.851337 700002f6f000                  Options.compression_opts.level: 32767
2021/03/11-17:26:46.851338 700002f6f000               Options.compression_opts.strategy: 0
2021/03/11-17:26:46.851339 700002f6f000         Options.compression_opts.max_dict_bytes: 0
2021/03/11-17:26:46.851340 700002f6f000         Options.compression_opts.zstd_max_train_bytes: 0
2021/03/11-17:26:46.851341 700002f6f000         Options.compression_opts.parallel_threads: 1
2021/03/11-17:26:46.851342 700002f6f000                  Options.compression_opts.enabled: false
2021/03/11-17:26:46.851343 700002f6f000      Options.level0_file_num_compaction_trigger: 4
2021/03/11-17:26:46.851364 700002f6f000          Options.level0_slowdown_writes_trigger: 20
2021/03/11-17:26:46.851365 700002f6f000              Options.level0_stop_writes_trigger: 36
2021/03/11-17:26:46.851366 700002f6f000                   Options.target_file_size_base: 67108864
2021/03/11-17:26:46.851367 700002f6f000             Options.target_file_size_multiplier: 1
2021/03/11-17:26:46.851368 700002f6f000                Options.max_bytes_for_level_base: 268435456
2021/03/11-17:26:46.851370 700002f6f000 Options.level_compaction_dynamic_level_bytes: 1
2021/03/11-17:26:46.851371 700002f6f000          Options.max_bytes_for_level_multiplier: 10.000000
2021/03/11-17:26:46.851372 700002f6f000 Options.max_bytes_for_level_multiplier_addtl[0]: 1
2021/03/11-17:26:46.851373 700002f6f000 Options.max_bytes_for_level_multiplier_addtl[1]: 1
2021/03/11-17:26:46.851374 700002f6f000 Options.max_bytes_for_level_multiplier_addtl[2]: 1
2021/03/11-17:26:46.851375 700002f6f000 Options.max_bytes_for_level_multiplier_addtl[3]: 1
2021/03/11-17:26:46.851376 700002f6f000 Options.max_bytes_for_level_multiplier_addtl[4]: 1
2021/03/11-17:26:46.851377 700002f6f000 Options.max_bytes_for_level_multiplier_addtl[5]: 1
2021/03/11-17:26:46.851378 700002f6f000 Options.max_bytes_for_level_multiplier_addtl[6]: 1
2021/03/11-17:26:46.851379 700002f6f000       Options.max_sequential_skip_in_iterations: 8
2021/03/11-17:26:46.851380 700002f6f000                    Options.max_compaction_bytes: 1677721600
2021/03/11-17:26:46.851382 700002f6f000                        Options.arena_block_size: 8388608
2021/03/11-17:26:46.851383 700002f6f000   Options.soft_pending_compaction_bytes_limit: 68719476736
2021/03/11-17:26:46.851384 700002f6f000   Options.hard_pending_compaction_bytes_limit: 274877906944
2021/03/11-17:26:46.851385 700002f6f000       Options.rate_limit_delay_max_milliseconds: 100
2021/03/11-17:26:46.851386 700002f6f000                Options.disable_auto_compactions: 1
2021/03/11-17:26:46.851387 700002f6f000                        Options.compaction_style: kCompactionStyleLevel
2021/03/11-17:26:46.851388 700002f6f000                          Options.compaction_pri: kMinOverlappingRatio
2021/03/11-17:26:46.851389 700002f6f000 Options.compaction_options_universal.size_ratio: 1
2021/03/11-17:26:46.851390 700002f6f000 Options.compaction_options_universal.min_merge_width: 2
2021/03/11-17:26:46.851391 700002f6f000 Options.compaction_options_universal.max_merge_width: 4294967295
2021/03/11-17:26:46.851392 700002f6f000 Options.compaction_options_universal.max_size_amplification_percent: 200
2021/03/11-17:26:46.851393 700002f6f000 Options.compaction_options_universal.compression_size_percent: -1
2021/03/11-17:26:46.851395 700002f6f000 Options.compaction_options_universal.stop_style: kCompactionStopStyleTotalSize
2021/03/11-17:26:46.851396 700002f6f000 Options.compaction_options_fifo.max_table_files_size: 1073741824
2021/03/11-17:26:46.851397 700002f6f000 Options.compaction_options_fifo.allow_compaction: 0
2021/03/11-17:26:46.851398 700002f6f000                   Options.table_properties_collectors: 
2021/03/11-17:26:46.851399 700002f6f000                   Options.inplace_update_support: 0
2021/03/11-17:26:46.851400 700002f6f000                 Options.inplace_update_num_locks: 10000
2021/03/11-17:26:46.851401 700002f6f000               Options.memtable_prefix_bloom_size_ratio: 0.000000
2021/03/11-17:26:46.851402 700002f6f000               Options.memtable_whole_key_filtering: 0
2021/03/11-17:26:46.851403 700002f6f000   Options.memtable_huge_page_size: 0
2021/03/11-17:26:46.851404 700002f6f000                           Options.bloom_locality: 0
2021/03/11-17:26:46.851405 700002f6f000                    Options.max_successive_merges: 0
2021/03/11-17:26:46.851406 700002f6f000                Options.optimize_filters_for_hits: 0
2021/03/11-17:26:46.851407 700002f6f000                Options.paranoid_file_checks: 0
2021/03/11-17:26:46.851408 700002f6f000                Options.force_consistency_checks: 1
2021/03/11-17:26:46.851423 700002f6f000                Options.report_bg_io_stats: 0
2021/03/11-17:26:46.851424 700002f6f000                               Options.ttl: 2592000
2021/03/11-17:26:46.851425 700002f6f000          Options.periodic_compaction_seconds: 0
2021/03/11-17:26:46.851426 700002f6f000                    Options.enable_blob_files: false
2021/03/11-17:26:46.851427 700002f6f000                        Options.min_blob_size: 0
2021/03/11-17:26:46.851428 700002f6f000                       Options.blob_file_size: 268435456
2021/03/11-17:26:46.851430 700002f6f000                Options.blob_compression_type: NoCompression
2021/03/11-17:26:46.851431 700002f6f000       Options.enable_blob_garbage_collection: false
2021/03/11-17:26:46.851432 700002f6f000   Options.blob_garbage_collection_age_cutoff: 0.250000
2021/03/11-17:26:46.851474 700002f6f000 [db/db_impl/db_impl.cc:2632] Created column family [states] (ID 1)
2021/03/11-17:26:46.853508 700002f6f000 [db/column_family.cc:597] --------------- Options for column family [checkpoints]:
2021/03/11-17:26:46.853513 700002f6f000               Options.comparator: leveldb.BytewiseComparator
2021/03/11-17:26:46.853514 700002f6f000           Options.merge_operator: None
2021/03/11-17:26:46.853515 700002f6f000        Options.compaction_filter: None
2021/03/11-17:26:46.853516 700002f6f000        Options.compaction_filter_factory: None
2021/03/11-17:26:46.853517 700002f6f000  Options.sst_partitioner_factory: None
2021/03/11-17:26:46.853518 700002f6f000         Options.memtable_factory: SkipListFactory
2021/03/11-17:26:46.853519 700002f6f000            Options.table_factory: BlockBasedTable
2021/03/11-17:26:46.853537 700002f6f000            table_factory options:   flush_block_policy_factory: FlushBlockBySizePolicyFactory (0x5e05950)
  cache_index_and_filter_blocks: 0
  cache_index_and_filter_blocks_with_high_priority: 1
  pin_l0_filter_and_index_blocks_in_cache: 0
  pin_top_level_index_and_filter: 1
  index_type: 0
  data_block_index_type: 0
  index_shortening: 1
  data_block_hash_table_util_ratio: 0.750000
  hash_index_allow_collision: 1
  checksum: 1
  no_block_cache: 0
  block_cache: 0x5e05998
  block_cache_name: LRUCache
  block_cache_options:
    capacity : 8388608
    num_shard_bits : 4
    strict_capacity_limit : 0
    memory_allocator : None
    high_pri_pool_ratio: 0.000
  block_cache_compressed: 0x0
  persistent_cache: 0x0
  block_size: 4096
  block_size_deviation: 10
  block_restart_interval: 16
  index_block_restart_interval: 1
  metadata_block_size: 4096
  partition_filters: 0
  use_delta_encoding: 1
  filter_policy: nullptr
  whole_key_filtering: 1
  verify_compression: 0
  read_amp_bytes_per_bit: 0
  format_version: 4
  enable_index_compression: 1
  block_align: 0
2021/03/11-17:26:46.853540 700002f6f000        Options.write_buffer_size: 67108864
2021/03/11-17:26:46.853541 700002f6f000  Options.max_write_buffer_number: 2
2021/03/11-17:26:46.853542 700002f6f000          Options.compression: Snappy
2021/03/11-17:26:46.853543 700002f6f000                  Options.bottommost_compression: Disabled
2021/03/11-17:26:46.853544 700002f6f000       Options.prefix_extractor: nullptr
2021/03/11-17:26:46.853545 700002f6f000   Options.memtable_insert_with_hint_prefix_extractor: nullptr
2021/03/11-17:26:46.853546 700002f6f000             Options.num_levels: 7
2021/03/11-17:26:46.853547 700002f6f000        Options.min_write_buffer_number_to_merge: 1
2021/03/11-17:26:46.853548 700002f6f000     Options.max_write_buffer_number_to_maintain: 0
2021/03/11-17:26:46.853549 700002f6f000     Options.max_write_buffer_size_to_maintain: 134217728
2021/03/11-17:26:46.853550 700002f6f000            Options.bottommost_compression_opts.window_bits: -14
2021/03/11-17:26:46.853551 700002f6f000                  Options.bottommost_compression_opts.level: 32767
2021/03/11-17:26:46.853553 700002f6f000               Options.bottommost_compression_opts.strategy: 0
2021/03/11-17:26:46.853554 700002f6f000         Options.bottommost_compression_opts.max_dict_bytes: 0
2021/03/11-17:26:46.853555 700002f6f000         Options.bottommost_compression_opts.zstd_max_train_bytes: 0
2021/03/11-17:26:46.853556 700002f6f000         Options.bottommost_compression_opts.parallel_threads: 1
2021/03/11-17:26:46.853557 700002f6f000                  Options.bottommost_compression_opts.enabled: false
2021/03/11-17:26:46.853558 700002f6f000            Options.compression_opts.window_bits: -14
2021/03/11-17:26:46.853559 700002f6f000                  Options.compression_opts.level: 32767
2021/03/11-17:26:46.853560 700002f6f000               Options.compression_opts.strategy: 0
2021/03/11-17:26:46.853561 700002f6f000         Options.compression_opts.max_dict_bytes: 0
2021/03/11-17:26:46.853562 700002f6f000         Options.compression_opts.zstd_max_train_bytes: 0
2021/03/11-17:26:46.853563 700002f6f000         Options.compression_opts.parallel_threads: 1
2021/03/11-17:26:46.853564 700002f6f000                  Options.compression_opts.enabled: false
2021/03/11-17:26:46.853584 700002f6f000      Options.level0_file_num_compaction_trigger: 4
2021/03/11-17:26:46.853586 700002f6f000          Options.level0_slowdown_writes_trigger: 20
2021/03/11-17:26:46.853587 700002f6f000              Options.level0_stop_writes_trigger: 36
2021/03/11-17:26:46.853588 700002f6f000                   Options.target_file_size_base: 67108864
2021/03/11-17:26:46.853589 700002f6f000             Options.target_file_size_multiplier: 1
2021/03/11-17:26:46.853590 700002f6f000                Options.max_bytes_for_level_base: 268435456
2021/03/11-17:26:46.853591 700002f6f000 Options.level_compaction_dynamic_level_bytes: 1
2021/03/11-17:26:46.853592 700002f6f000          Options.max_bytes_for_level_multiplier: 10.000000
2021/03/11-17:26:46.853593 700002f6f000 Options.max_bytes_for_level_multiplier_addtl[0]: 1
2021/03/11-17:26:46.853594 700002f6f000 Options.max_bytes_for_level_multiplier_addtl[1]: 1
2021/03/11-17:26:46.853595 700002f6f000 Options.max_bytes_for_level_multiplier_addtl[2]: 1
2021/03/11-17:26:46.853596 700002f6f000 Options.max_bytes_for_level_multiplier_addtl[3]: 1
2021/03/11-17:26:46.853597 700002f6f000 Options.max_bytes_for_level_multiplier_addtl[4]: 1
2021/03/11-17:26:46.853599 700002f6f000 Options.max_bytes_for_level_multiplier_addtl[5]: 1
2021/03/11-17:26:46.853600 700002f6f000 Options.max_bytes_for_level_multiplier_addtl[6]: 1
2021/03/11-17:26:46.853601 700002f6f000       Options.max_sequential_skip_in_iterations: 8
2021/03/11-17:26:46.853602 700002f6f000                    Options.max_compaction_bytes: 1677721600
2021/03/11-17:26:46.853603 700002f6f000                        Options.arena_block_size: 8388608
2021/03/11-17:26:46.853604 700002f6f000   Options.soft_pending_compaction_bytes_limit: 68719476736
2021/03/11-17:26:46.853605 700002f6f000   Options.hard_pending_compaction_bytes_limit: 274877906944
2021/03/11-17:26:46.853606 700002f6f000       Options.rate_limit_delay_max_milliseconds: 100
2021/03/11-17:26:46.853607 700002f6f000                Options.disable_auto_compactions: 1
2021/03/11-17:26:46.853608 700002f6f000                        Options.compaction_style: kCompactionStyleLevel
2021/03/11-17:26:46.853609 700002f6f000                          Options.compaction_pri: kMinOverlappingRatio
2021/03/11-17:26:46.853610 700002f6f000 Options.compaction_options_universal.size_ratio: 1
2021/03/11-17:26:46.853611 700002f6f000 Options.compaction_options_universal.min_merge_width: 2
2021/03/11-17:26:46.853612 700002f6f000 Options.compaction_options_universal.max_merge_width: 4294967295
2021/03/11-17:26:46.853613 700002f6f000 Options.compaction_options_universal.max_size_amplification_percent: 200
2021/03/11-17:26:46.853614 700002f6f000 Options.compaction_options_universal.compression_size_percent: -1
2021/03/11-17:26:46.853616 700002f6f000 Options.compaction_options_universal.stop_style: kCompactionStopStyleTotalSize
2021/03/11-17:26:46.853617 700002f6f000 Options.compaction_options_fifo.max_table_files_size: 1073741824
2021/03/11-17:26:46.853618 700002f6f000 Options.compaction_options_fifo.allow_compaction: 0
2021/03/11-17:26:46.853619 700002f6f000                   Options.table_properties_collectors: 
2021/03/11-17:26:46.853620 700002f6f000                   Options.inplace_update_support: 0
2021/03/11-17:26:46.853621 700002f6f000                 Options.inplace_update_num_locks: 10000
2021/03/11-17:26:46.853623 700002f6f000               Options.memtable_prefix_bloom_size_ratio: 0.000000
2021/03/11-17:26:46.853624 700002f6f000               Options.memtable_whole_key_filtering: 0
2021/03/11-17:26:46.853625 700002f6f000   Options.memtable_huge_page_size: 0
2021/03/11-17:26:46.853626 700002f6f000                           Options.bloom_locality: 0
2021/03/11-17:26:46.853627 700002f6f000                    Options.max_successive_merges: 0
2021/03/11-17:26:46.853628 700002f6f000                Options.optimize_filters_for_hits: 0
2021/03/11-17:26:46.853629 700002f6f000                Options.paranoid_file_checks: 0
2021/03/11-17:26:46.853630 700002f6f000                Options.force_consistency_checks: 1
2021/03/11-17:26:46.853644 700002f6f000                Options.report_bg_io_stats: 0
2021/03/11-17:26:46.853645 700002f6f000                               Options.ttl: 2592000
2021/03/11-17:26:46.853647 700002f6f000          Options.periodic_compaction_seconds: 0
2021/03/11-17:26:46.853648 700002f6f000                    Options.enable_blob_files: false
2021/03/11-17:26:46.853649 700002f6f000                        Options.min_blob_size: 0
2021/03/11-17:26:46.853650 700002f6f000                       Options.blob_file_size: 268435456
2021/03/11-17:26:46.853651 700002f6f000                Options.blob_compression_type: NoCompression
2021/03/11-17:26:46.853652 700002f6f000       Options.enable_blob_garbage_collection: false
2021/03/11-17:26:46.853653 700002f6f000   Options.blob_garbage_collection_age_cutoff: 0.250000
2021/03/11-17:26:46.853693 700002f6f000 [db/db_impl/db_impl.cc:2632] Created column family [checkpoints] (ID 2)
2021/03/11-17:26:46.856179 700002f6f000 [db/column_family.cc:597] --------------- Options for column family [messageentries]:
2021/03/11-17:26:46.856184 700002f6f000               Options.comparator: leveldb.BytewiseComparator
2021/03/11-17:26:46.856185 700002f6f000           Options.merge_operator: None
2021/03/11-17:26:46.856187 700002f6f000        Options.compaction_filter: None
2021/03/11-17:26:46.856188 700002f6f000        Options.compaction_filter_factory: None
2021/03/11-17:26:46.856189 700002f6f000  Options.sst_partitioner_factory: None
2021/03/11-17:26:46.856190 700002f6f000         Options.memtable_factory: SkipListFactory
2021/03/11-17:26:46.856191 700002f6f000            Options.table_factory: BlockBasedTable
2021/03/11-17:26:46.856208 700002f6f000            table_factory options:   flush_block_policy_factory: FlushBlockBySizePolicyFactory (0x5e05950)
  cache_index_and_filter_blocks: 0
  cache_index_and_filter_blocks_with_high_priority: 1
  pin_l0_filter_and_index_blocks_in_cache: 0
  pin_top_level_index_and_filter: 1
  index_type: 0
  data_block_index_type: 0
  index_shortening: 1
  data_block_hash_table_util_ratio: 0.750000
  hash_index_allow_collision: 1
  checksum: 1
  no_block_cache: 0
  block_cache: 0x5e05998
  block_cache_name: LRUCache
  block_cache_options:
    capacity : 8388608
    num_shard_bits : 4
    strict_capacity_limit : 0
    memory_allocator : None
    high_pri_pool_ratio: 0.000
  block_cache_compressed: 0x0
  persistent_cache: 0x0
  block_size: 4096
  block_size_deviation: 10
  block_restart_interval: 16
  index_block_restart_interval: 1
  metadata_block_size: 4096
  partition_filters: 0
  use_delta_encoding: 1
  filter_policy: nullptr
  whole_key_filtering: 1
  verify_compression: 0
  read_amp_bytes_per_bit: 0
  format_version: 4
  enable_index_compression: 1
  block_align: 0
2021/03/11-17:26:46.856211 700002f6f000        Options.write_buffer_size: 67108864
2021/03/11-17:26:46.856212 700002f6f000  Options.max_write_buffer_number: 2
2021/03/11-17:26:46.856214 700002f6f000          Options.compression: Snappy
2021/03/11-17:26:46.856215 700002f6f000                  Options.bottommost_compression: Disabled
2021/03/11-17:26:46.856216 700002f6f000       Options.prefix_extractor: nullptr
2021/03/11-17:26:46.856217 700002f6f000   Options.memtable_insert_with_hint_prefix_extractor: nullptr
2021/03/11-17:26:46.856218 700002f6f000             Options.num_levels: 7
2021/03/11-17:26:46.856219 700002f6f000        Options.min_write_buffer_number_to_merge: 1
2021/03/11-17:26:46.856221 700002f6f000     Options.max_write_buffer_number_to_maintain: 0
2021/03/11-17:26:46.856222 700002f6f000     Options.max_write_buffer_size_to_maintain: 134217728
2021/03/11-17:26:46.856223 700002f6f000            Options.bottommost_compression_opts.window_bits: -14
2021/03/11-17:26:46.856224 700002f6f000                  Options.bottommost_compression_opts.level: 32767
2021/03/11-17:26:46.856225 700002f6f000               Options.bottommost_compression_opts.strategy: 0
2021/03/11-17:26:46.856226 700002f6f000         Options.bottommost_compression_opts.max_dict_bytes: 0
